0,GOT7,424,26,889
1,갓세븐,321,23,601
2,nhkらじらー,187,4,225
3,MAYWARDFunAtSMDavao,159,6,875
4,VideoLove,146,7,253
5,NeverEver,114,13,305
6,BamBam,100,9,140
7,뱀뱀,99,10,166
8,마크,93,11,172
9,KYUHYUNSOLOCONCERTinBKK,86,12,342
10,토토프로토사이트,81,0,7
11,どぉるキャラメイカー,81,4,149
12,声優アワード,80,6,147
13,18Mart,79,10,593
14,FLIGHTLOG,78,11,145
15,ALDUBStillGoesOn,76,5,654
16,JB,74,13,185
17,ARRIVAL,72,11,154
18,EntamotyLiveOnClassFm,65,3,77
19,Mark,64,11,125
20,사다리타기게임,59,0,4
21,해외안전놀이터추천,57,0,12
22,EXOrDIUMinMalaysia,57,10,393
23,재범,54,12,142
24,themasksinger,52,6,193
25,영재,51,9,143
26,ﷺ,49,8,373
27,안전한토토사이트추천,47,0,9
28,진영,47,10,117
29,Orly,47,11,414
30,강남야구장,45,0,40
31,TheRebirthofJinBKK,44,11,200
32,RTした人全員フォローする,44,2,203
33,FavouriteMovieHKNKJ,43,1,249
34,iKON,42,4,219
35,izmirescort,41,0,107
36,JIMIN,39,8,97
37,NowPlaying,38,11,285
38,방탄소년단,38,9,238
39,BTSinBrazil,38,6,282
40,mark,35,6,75
41,iKON_ENCOREinYOKOHAMAday1,34,7,231
42,비투비,32,3,166
43,youngjae,31,5,65
44,제이비,31,8,48
45,England,30,2,15
46,free,30,10,187
47,AlwaysJaDineNewYork,29,4,234
48,เป๊กผลิตโชค,29,4,129
49,RT,29,3,296
50,Jinyoung,29,9,89
51,escortizmir,28,0,63
52,박진영,28,6,49
53,스포츠토토배당금,27,0,4
54,네임드사다리놀이터추천,27,1,20
55,McLisseAtSMMasinag,27,3,170
56,Mashup,27,4,126
57,ÇanakkaleyeYazıyorum,27,6,259
58,놀이터추천,26,0,8
59,FHTAlDub,25,6,215
60,bambam,25,7,69
61,sougofollow,25,4,98
62,아이콘,25,4,184
63,YouKnowYouLoveThem,25,3,93
64,KconMexico,24,8,121
65,lovelive,24,4,8
66,BTS,24,4,219
67,CertifiedCorruptNoonLeague,24,3,68
68,Trump,23,7,216
69,iHeartAwards,23,1,23
70,비아이,23,6,135
71,Neverever,22,8,85
72,유겸,22,2,49
73,Yugyeom,22,2,49
74,Hadith,22,5,227
75,حياتك36,22,1,216
76,바비,22,4,39
77,neverever,21,5,77
78,nowplaying,21,9,175
79,RTした人秒でフォローする,21,0,48
80,프로토토,21,0,17
81,تسديد_قروض,21,3,55
82,Quran,21,5,245
83,ShesTheOne,21,1,23
84,YOUNGJAE,20,5,49
85,تسديد_القروض,20,4,38
86,ÇanakkaleGeçilmez,20,5,109
87,TuitUtil,20,8,60
88,StPatricksDay,20,6,201
89,모바일토토,20,0,6
90,해외유료팁,20,0,6
91,스포츠토토카페,20,0,6
92,btsinbrazil,20,2,66
93,ทีมหน้ากากจิงโจ้,20,6,55
94,orly,20,1,60
95,拡散希望,20,2,80
96,اذكار,20,2,18
97,win,20,11,217
98,كلمه_ع_طول_بتقولها,20,1,102
99,bobby,20,4,35
100,김지원닷컴,20,3,23
101,LadyGaga,20,0,13
102,Erotica,20,1,7
103,سكس,20,0,39
104,NewProfilePic,19,4,32
105,김데일리,19,4,6
106,출장오피,19,0,11
107,MSGWishing,19,0,47
108,sex,19,4,80
109,心が乱れた時に見るgif,19,1,5
110,agqr,19,2,20
111,모델,19,1,56
112,안전사설토토사이트추천,19,0,9
113,규현,19,1,23
114,ExsAndOhs,19,0,8
115,BestCover,19,0,8
116,ليش_الهلال_ضاغطهم,19,2,51
117,seoulgirlscollection,19,1,13
118,데이식스,19,2,23
119,20मार्च_दिल्लीकूच,19,0,44
120,HitungUntungIndiHome,19,1,25
121,Kyuhyun,19,1,31
122,football,19,1,36
123,followback,19,1,46
124,NCT127,19,5,159
125,OPアプリ,19,1,8
126,teen,19,2,30
127,VIPDirecto,19,1,28
128,انت_بس_بقولك,19,0,19
129,اليوم_العالمي_للنوم,19,2,45
130,정찬우,19,2,47
131,NEVEREVER,19,3,23
132,نقسم,19,0,36
133,BIGOLIVE,19,0,27
134,빅스,19,2,38
135,حياتك35,19,1,22
136,TWICE,19,0,51
137,진환,19,1,29
138,RoyalVisitParis,19,2,31
139,kikusernames,19,0,15
140,BAP,19,2,38
141,saltbae,19,3,10
142,OneDirection,19,1,11
143,NewsPakistanTV,18,1,45
144,home,18,1,39
145,ครอบครัวดนตรี,18,2,54
146,MGK,18,2,91
147,CamilaCabello,18,2,91
148,SchoolRapper,18,6,79
149,강남러시아,18,0,42
150,indiedev,18,1,19
151,pltl,18,2,32
152,민혁,18,2,33
153,OurDaughtersOurPride,18,0,31
154,MegaProjelerİçinEvet,18,2,36
155,BI,18,4,79
156,BBC,18,0,24
157,뷔,18,2,46
158,V,18,2,28
159,chulacuteboy,18,2,41
160,Yahooニュース,18,2,15
161,출장안마,18,0,32
162,Pantone,18,1,13
163,구구단,18,2,25
164,RévolutionEnMarche,18,0,10
165,MacronPresident,18,0,10
166,지민,18,0,15
167,الهلال,18,1,107
168,BeautyAndTheBeast,18,1,11
169,España,18,1,23
170,Marketing,18,0,18
171,風そよぐレモンピール,18,0,7
172,golf,18,0,20
173,MCFC,18,0,20
174,EFC,18,0,20
175,LFC,18,0,20
176,mufc,18,0,20
177,CFC,18,0,20
178,강남벅시,18,1,17
179,강남풀살롱,18,1,4
180,현식,18,3,33
181,싱포유,18,4,45
182,dkpol,18,1,31
183,VIXX,18,1,34
184,슈가,18,2,15
185,新しいプロフィール画像,18,0,3
186,BBNaija,18,0,22
187,ImpeachLeni,18,1,37
188,EibarEspanyol,18,1,26
189,CumhurbaşkanlığıSistemi,18,0,25
190,전국만남,18,1,41
191,남성알바,18,1,41
192,큰돈,18,1,41
193,현금결제,18,1,41
194,상담,18,1,41
195,꿀알바,18,1,41
196,사모님,18,1,41
197,매칭,18,1,41
198,섹파,18,1,41
199,소개팅,18,1,41
200,BugünGünlerdenTrabzonspor,18,2,24
201,モンスト,18,2,30
202,Nosoyelmismo,18,1,13
203,출장마사지,18,0,9
204,PurposeTourStadiums,18,2,20
205,토토놀이터,18,0,6
206,ยืมเมจforsex,18,1,10
207,กามเทพหรรษา,18,2,18
208,AMNDBots,18,0,10
209,Bプロ,18,1,9
210,Letr2Jil,18,1,19
211,SwiftGains,18,0,7
212,らぶりつください,18,0,6
213,ローカル路線バス乗り継ぎの旅Z,18,1,8
214,ローカル路線バス乗り継ぎの旅,18,1,8
215,girls,18,0,19
216,ALeiDoAmor,18,1,11
217,FreeSouthernCameroons,18,0,16
218,Bamenda,18,0,16
219,เกรทพอร์ช,18,1,8
220,白猫データ,18,0,4
221,白猫販売,18,0,4
222,白猫売ります,18,0,4
223,白猫プレイヤーと繋がりたい,18,0,4
224,ZELO,18,1,19
225,젤로,18,1,19
226,ROSE,18,1,19
227,WAKEMEUP,18,1,19
228,１日１鶏,18,0,5
229,vseživljenjsko_izobraževanje,18,1,16
230,นางเขินมาก,18,0,14
231,discretelogarithm,18,1,10
232,AshwinThathaTeaser,18,1,14
233,Sirappu,18,1,14
234,Ashwinthatha,18,1,14
235,JahAlone,18,1,8
236,SparkFireRepublik,18,1,8
237,Conscious,18,1,8
238,tlw,18,1,13
239,신천지편지,18,1,14
240,사랑의편지,18,1,14
241,GZB_Records,18,1,7
242,addid,18,0,7
243,confused,18,0,12
244,فيفاء,18,0,19
245,NCT_DREAM,18,1,13
246,ラニバ,18,0,9
247,larcenciel,18,0,9
248,ラルク,18,0,9
249,acts,18,1,16
250,BREAKING,18,0,17
251,paris,18,0,17
252,저렴한폰팅,18,0,10
253,도신폰팅,18,0,10
254,전국폰팅,18,0,10
255,영화폰팅,18,0,10
256,歌い手さんMIX師さん絵師さん動画師さんとPさん繋がりたい,18,0,6
257,絵描きさんと繋がりたい,18,0,6
258,50K,18,1,17
259,twittosleaguezer,18,1,18
260,PurposeTourAustralia,18,1,16
261,PurposeTourNZ,18,1,16
262,TGOT18,18,1,8
263,Boudoir,18,1,8
264,LaMegaMallorca,18,0,14
265,정일훈,18,0,9
266,umRei,18,1,12
267,ニーアオートマタ,18,1,3
268,PS4share,18,2,5
269,영케이,18,0,9
270,강영현,18,0,9
271,YOUNGK,18,0,9
272,Got7,18,1,9
273,YouTube,18,0,7
274,Concours,18,1,22
275,jb,18,0,7
276,Denmark,18,0,16
277,hygge,18,0,16
278,cycling,18,0,16
279,remic,18,0,16
280,Smørrebrød,18,0,16
281,compostage,18,0,16
282,composteur,18,0,16
283,déchets,18,0,16
284,CSE,18,1,15
285,CSEDay17,18,1,30
286,Knowthesigns,18,1,15
287,AlwaysJadineUSTour,18,0,14
288,دايره,18,1,12
289,タミヤ,18,1,6
290,Z31,18,1,6
291,gamedev,18,1,17
292,screenshotsaturday,18,1,17
293,pixelart,18,1,17
294,三代目好きな人RT,18,0,6
295,LDHfamさんRT,18,0,6
296,DAY6,18,2,16
297,도운,18,1,11
298,Dowoon,18,1,11
299,윤도운,18,1,11
300,HowCanISay,18,1,11
301,어떻게말해,18,1,11
302,ÇanakkaleZaferi,18,0,16
303,Poeima,18,0,16
304,트와이스,18,0,42
305,JIHYO,18,0,9
306,지효,18,0,9
307,KBNueve,18,1,5
308,HalaMadrid,18,1,5
309,ShawnWorldTourManila,18,2,61
310,그림체가_취향이면_rt,18,0,5
311,NFS2015,18,0,3
312,再現,18,0,3
313,よるバズ,18,1,7
314,WATCH,18,1,17
315,संतरामपालजी,18,0,18
316,الصرخي_يخوض_معركة_فكرية,18,0,17
317,في_الحركة_بركة,18,1,18
318,GraceVanderwaal,18,0,8
319,TheFreshest,18,0,8
320,メカラウロコ27,18,0,2
321,PDS,18,0,13
322,은지원_솔로데뷔16주년,18,0,6
323,CrimeaIsUkraine,18,0,7
324,bts,18,0,9
325,Morlaix,18,0,12
326,Disparition,18,0,12
327,Idrys,18,0,12
328,むぎかわいい,18,1,3
329,EduCrisisForum,18,0,18
330,HowtoPerfect,18,1,12
331,extremely,18,0,8
332,اربح_iphone7_مع_العبداللطيف,18,0,1
333,GENERATIONS,18,0,9
334,مع_اثنين_صالح_سعد5,18,0,5
335,PS4live,18,2,21
336,saturdaymorning,18,1,7
337,ชี้เป้า,18,0,16
338,حرف_غلا,18,1,10
339,HajjSubsidy,18,1,16
340,今月のレボマン,18,0,7
341,ChoKyuhyun,18,0,14
342,Egypt,18,0,22
343,LaNotíciadelaSetmana,18,1,18
344,ChampionsLeague,18,1,17
345,Barcelona,18,1,17
346,Valencia,18,1,17
347,Messi,18,1,17
348,weed,18,1,6
349,advertising,18,1,6
350,forums,18,1,6
351,私が選ぶ2017年冬ナンバーワンアニメ,18,1,4
352,كلمة_عطول_بتقولها,18,0,7
353,مساء,18,1,15
354,فتى_تبوك_للدعم,18,1,15
355,قروب_الفوارس_للدعم,18,1,15
356,eye,18,1,13
357,yatu,18,1,13
358,ワイルド杯,18,1,3
359,UniqueGifts,18,0,17
360,history,18,0,17
361,nature,18,0,17
362,Celtic,18,0,17
363,Viking,18,0,17
364,Art,18,0,17
365,投票したらRT,18,0,3
366,植物図鑑,18,0,1
367,TheOtherMrsWalker,18,1,14
368,books,18,1,14
369,giveaway,18,2,26
370,phim,18,0,7
371,ESCORPIO,18,1,4
372,HoroscopoZinox,18,1,4
373,SteffenEngmanBigSummerGiveaway2017,18,1,16
374,TheOriginals,18,1,17
375,follow,18,1,11
376,followme,18,1,21
377,followmejp,18,1,21
378,相互フォロー,18,4,39
379,followdaibosyu,18,1,11
380,followall,18,1,11
381,refollow,18,1,11
382,THALA,18,1,17
383,AJITH,18,1,17
384,Amarkalam,18,1,17
385,김한빈,18,3,47
386,winelover,18,1,2
387,RepúblicaYA,18,0,9
388,Mets,18,0,14
389,86Mets,18,0,14
390,全問正解率２パーセントの小学知識テスト,18,0,3
391,twimaker,18,0,5
392,publi,18,1,18
393,Uttarakhand,18,1,16
394,UP,18,1,16
395,song,18,1,8
396,download,18,1,8
397,mp3,18,1,8
398,أُحبك,18,1,16
399,مسائي_أنت,18,1,16
400,รีวิวเซเว่น,18,1,10
401,robots,18,1,20
402,workforce,18,1,20
403,robotics,18,1,20
404,bots,18,1,20
405,дружеский_портрет,18,1,7
406,портрет,18,1,7
407,сфото,18,1,7
408,простой_карандаш8b,18,1,7
409,очень_быстрый_рисунок,18,1,7
410,disastroraggi,18,1,4
411,وام_تايمز,18,1,16
412,Dhammakaya,18,0,19
413,Buddhas,18,0,19
414,세븐틴,18,0,12
415,준,18,0,12
416,SPOILER,18,1,22
417,15CongresoPPA,18,1,12
418,CreemosenAndalucia,18,1,12
419,Athletic,18,1,9
420,FGO,18,1,1
421,opinandoEE,18,0,21
422,قروب_النايف_للدعم,18,1,16
423,اللورد_والليدي,18,1,16
424,TeamOL,18,1,13
425,TeamASSE,18,1,13
426,ALyson,18,0,16
427,ColutorioLacer,18,0,13
428,TestamusColutorioLacer,18,0,13
429,パズドラマルチ,18,0,3
430,Highlight,18,0,9
431,하이라이트,18,0,9
432,RAG,18,1,15
433,لحظات_اجمل,18,1,12
434,قروب_صمتي,18,1,12
435,ColloqueILIADE,18,0,14
436,الانثى,18,0,10
437,سنابات_منيف_الخمشي,18,0,4
438,الدوادمي,18,0,10
439,استشارا_أم_الغند,18,0,9
440,الوضع_الليلي,18,0,9
441,صورتك_وانت_صغير,18,0,9
442,يوسف_علاونه_يقذف_نساء_مكه,18,0,9
443,rpsp,18,0,7
444,jc,18,1,3
445,كيلو_15,18,0,10
446,فيصل_بن_قربه,18,0,10
447,러블리즈,18,0,15
448,베이비소울,18,0,15
449,이수정,18,0,15
450,목종이,18,0,15
451,Lovelyz,18,0,15
452,Babysoul,18,0,15
453,BFMTV,18,0,20
454,Stains,18,0,20
455,菅井友香,18,1,7
456,欅坂46,18,1,7
457,YogiAdityanath,18,0,4
458,CHANWOO,18,0,12
459,찬우크러쉬,18,0,12
460,Album,18,1,16
461,TopMusicFrance,18,1,16
462,TopRock,18,1,16
463,Amazon,18,1,16
464,France,18,1,16
465,افضل_سن_لزواج_الرجل_والمراه,18,1,13
466,AtapBaDja,18,0,14
467,LMJM,18,1,12
468,VIRGO,18,1,8
469,ガトム,18,0,6
470,ガトー写真部,18,0,6
471,Free_Hug,18,0,16
472,分かる人RT,18,0,4
473,好きな人RT,18,0,4
474,バンタン好きな人RT,18,0,4
475,かっこいいと思った人RT,18,0,4
476,korea好きな人RT,18,0,4
477,ライフハック,18,1,1
478,رفقة_في_ظل_عرش_الرحمن,18,0,9
479,قروب_الجنة_تنادينا,18,0,9
480,SteveAoki,18,0,19
481,LouisTomlinson,18,0,19
482,askmolly,18,0,8
483,찬우,18,0,23
484,ikon,18,0,23
485,BAMBAM,18,1,13
486,hiring,18,0,17
487,gracejobs,18,0,17
488,กิรินัม,18,1,6
489,CFKGolpista,18,1,17
490,Aqours,18,1,4
491,lovelive_sunshine,18,1,4
492,twitter版MMD刀剣乱舞動画,18,0,5
493,ChanBin,18,0,10
494,Tam102YılÖnce,18,1,17
495,みんなの外装教えて,18,1,5
496,VideoMTV2016,18,0,7
497,NOW2016,18,0,7
498,NOWFifthHarmony,18,0,7
499,CabinetMeet,18,0,18
500,RedBeacon,18,0,18
501,ministers,18,0,18
502,MLAs,18,0,18
503,bureaucrats,18,0,18
504,VIP,18,0,18
505,Punjab,18,0,18
506,AoBot,18,0,12
507,Steemit,18,1,6
508,Sunset,18,0,20
509,topoftheworld,18,0,20
510,etl,18,0,8
511,카라이치_전력60분,18,0,18
512,sebring12,18,0,17
513,localflow,18,0,17
514,imsa,18,0,17
515,ADona,18,0,17
516,LagrimasDeAmor,18,0,17
517,MeuCoracãoÉTeu,18,0,17
518,youknowyoulovethem,18,0,3
519,FifthHarmony,18,0,3
520,carpetmuseum,18,1,9
521,kidderminter,18,1,9
522,art,18,1,9
523,museum,18,1,9
524,artsaward,18,1,9
525,children,18,1,9
526,artsactivity,18,1,9
527,creativity,18,1,9
528,18thMarchMohajirDay,18,0,21
529,ทีมมศว,18,1,15
530,انشهد,18,0,13
531,MyLeadSystemPro,18,0,18
532,Hair_Care,18,0,6
533,Hair_Problems,18,0,6
534,Dandruff,18,0,6
535,Split_Ends,18,0,6
536,Cleo_Skin_Clinic,18,0,6
537,zooplus,18,1,13
538,codepromo,18,1,13
539,TheFaceThailandSeason3,18,0,7
540,android,18,0,11
541,gameinsight,18,0,11
542,動画コンテナ,18,0,5
543,TresPalabrasQueDanMiedo,18,1,7
544,ウオタミさんと繋がりたい,18,0,7
545,フィッシャーズ好きな人RT,18,0,7
546,シルク推しの人RT,18,0,7
547,RTしてくれた人全員フォローする,18,0,7
548,GIVEAWAY,18,1,20
549,레오,18,1,9
550,รณรงค์ทวงคืนน้องวีจากพี่จิน,18,1,7
551,Ring,18,0,12
552,EngagementRing,18,0,12
553,NorthCoastCottage,18,0,12
554,pht1,18,0,12
555,ha,18,0,12
556,ジュラシックパーク,18,0,7
557,化石,18,0,7
558,発掘,18,0,7
559,RaiScuola,18,1,19
560,Yoyo,18,1,19
561,ドット絵,18,1,5
562,edgetouch,18,1,5
563,ZUNZUNZUN,18,0,2
564,ㅋㅏ지노사이트,18,0,4
565,블랙잭애니,18,0,4
566,황금성릴게임,18,0,4
567,텍사스카지노사이트,18,0,4
568,강원랜드슬롯머신종류,18,0,4
569,믿을만한ㅋㅏ지노,18,0,4
570,야마토3릴게임,18,0,4
571,응팔게임매장,18,0,4
572,DevletBahçeli,18,0,12
573,MQMforPakistan,18,1,23
574,ARYNews,18,0,4
575,QatarAirways,18,1,13
576,kimjinhwan,18,0,15
577,김진환,18,0,15
578,withiKONIC,18,0,15
579,JINHWAN,18,0,15
580,뿌요,18,0,15
581,거난영,18,0,15
582,DeNA,18,0,16
583,못난이진이형,18,0,5
584,London,18,1,16
585,구준회,18,0,23
586,TeamDanaRico,18,1,7
587,كيك,18,0,21
588,نيك,18,0,21
589,محارم,18,0,21
590,ديوث,18,0,21
591,دياثه,18,0,21
592,ديوثه,18,0,21
593,طيز,18,0,21
594,كس,18,0,21
595,تحرر,18,0,21
596,قحاب,18,0,21
597,اختي,18,0,21
598,زب,18,0,21
599,انحراف,18,0,21
600,سالب,18,0,21
601,شيميل,18,0,21
602,TheRebirthOfJinBKK,18,1,6
603,kik,18,0,15
604,horny,18,0,15
605,sexting,18,0,15
606,single,18,0,15
607,bored,18,0,15
608,Twitter上にいる小林さんちのメイドラゴン好き全員と繋がるのが密かな夢だったりするのでとりあえずこれを見た小林さんちのメイドラゴン好きはRTもしくはフォローしてくれたら全力でフォローしに行きます,18,0,4
609,طارق_العلوي,18,0,19
610,사공비포,18,0,10
611,홍키라,18,1,20
612,WakeMeUp,18,1,20
613,비에이피,18,1,20
614,Futsal,18,0,4
615,月1のお楽しみ,18,0,4
616,GoUMA,18,0,18
617,LNFS,18,0,18
618,BarçaBUMA,18,0,18
619,stillgoing,18,1,21
620,BreakingNews,18,1,8
621,MealsonWheels,18,1,16
622,ROI,18,1,16
623,أحبك_أمي,18,0,15
624,أمي_جنتي,18,0,15
625,شكرا_أمي,18,0,15
626,أميره_نصراويه,18,0,15
627,美しすぎるあゆばかり,18,0,7
628,集めて並べて眺めて,18,0,7
629,キレイな夢ばかり見ては,18,0,7
630,現実をただ嘆いていた人RT,18,0,7
631,حسم_العقبان2017,18,1,17
632,الشرق_الأوسط,18,1,17
633,مكة,18,1,17
634,ksa,18,1,17
635,السعودية,18,1,28
636,saudi,18,1,28
637,الرياض,18,2,55
638,جدة,18,1,28
639,المدينة,18,1,17
640,まっすーの誕生日までに704RT,18,0,3
641,パーナさんと繋がりたい,18,0,3
642,UAAPSeason79,18,1,7
643,RETWEET,18,1,4
644,MGWV,18,1,4
645,F4F,18,1,4
646,TEAMFOLLOWBACK,18,1,4
647,ＦＯＬＬＯＷ,18,1,4
648,StopTransfobia,18,0,24
649,TPMPLesDesSontLances,18,1,20
650,TPMP,18,1,20
651,دعم_خاص,18,0,4
652,حساب_يستحق_المتابعة,18,0,4
653,これは違うと思う人RT,17,0,3
654,강남풀싸롱,17,1,31
655,news,17,2,44
656,トレクル,17,2,27
657,الاهلي,17,1,15
658,TeamRubio,17,2,29
659,sexy,17,1,22
660,WatchAM_EGOLEVideo,17,2,7
661,MMKReunited,17,3,50
662,個人的デレステアイドルトップ10,17,0,1
663,ForestFlutter,17,1,9
664,iOS10,17,1,9
665,indiegames,17,1,9
666,casualgame,17,1,9
667,lunamoth,17,1,9
668,غرد_مع_مشاهير_تويتر,17,0,28
669,clipstudio,17,1,9
670,강남오피,17,0,11
671,출장러시아,17,0,11
672,PVV,17,1,42
673,ella,17,2,16
674,N1CanalFiesta11,17,2,16
675,foxnews,17,0,11
676,AP405SOS,17,0,6
677,amateur,17,1,13
678,مهره_اصيله_للدعم,17,1,7
679,عاجل,17,2,46
680,NDTVNews,17,0,17
681,EDP2017,17,2,9
682,new,17,1,23
683,SMAP,17,1,13
684,WBC2017,17,1,26
685,몬스타엑스,17,2,24
686,MONSTA_X,17,2,24
687,プリキュア,17,1,10
688,体育会TV,17,0,9
689,中居正広,17,1,10
690,Психолог,17,1,11
691,Женщина,17,1,11
692,PrivadoEsMejor,17,1,5
693,ReparamosTuReloj,17,1,5
694,사설토토사이트추천,17,0,4
695,乃木坂46,17,0,5
696,西野七瀬好きな人はRT,17,0,5
697,なぁちゃん,17,0,5
698,ななせまる,17,0,5
699,RTorいいねした人全員フォローする,17,0,5
700,wanko,17,1,5
701,kumamoto,17,1,5
702,重岡大毅の誕生日までに826RT,17,0,5
703,重岡大毅,17,0,5
704,lezama,17,0,12
705,강남룸사롱,17,0,12
706,강남룸싸롱010v3144v1175,17,0,12
707,相互フォローの輪,17,0,21
708,강남룸사롱010v3144v1175,17,0,12
709,강남나인010v3144v1175,17,0,12
710,강남폭스010v3144v1175,17,0,12
711,相互希,17,0,21
712,相互ﾌｫﾛｰ,17,0,21
713,f,17,0,12
714,tm1dn,17,0,21
715,mgwv,17,0,12
716,SGC,17,0,13
717,서걸컬,17,0,13
718,CospedalPresidenta,17,1,16
719,Granada,17,1,17
720,SíesSí,17,1,17
721,나영,17,1,12
722,김나영,17,1,12
723,NAYOUNG,17,1,12
724,gugudan,17,1,12
725,SmartNews,17,0,8
726,いいねした人に一言メッセージ,17,0,2
727,DMでする,17,0,2
728,SUGA,17,1,10
729,민윤기,17,1,10
730,uberfacts,17,1,4
731,Freelance,17,1,11
732,Job,17,2,24
733,リクガメ,17,0,3
734,TAURO,17,1,14
735,excited,17,0,14
736,90srnb,17,0,14
737,سرايا_الأشتر,17,1,18
738,خسئتم,17,1,18
739,GatesFoundation,17,0,7
740,CyberLoversBook,17,1,11
741,BookBoost,17,1,11
742,RPBP,17,1,11
743,남성전용,17,0,35
744,YA,17,0,14
745,bookreview,17,0,14
746,Giveaway,17,0,14
747,amreading,17,0,14
748,blogger,17,0,14
749,natural,17,0,18
750,写真好きな人と繋がりたい,17,0,6
751,ファインダー越しの私の世界,17,0,6
752,photography,17,0,6
753,jazz,17,1,3
754,BWPOLLS,17,0,15
755,candice,17,1,8
756,BTSWingsTourManila,17,1,23
757,잭슨,17,1,17
758,JacksonWang,17,1,17
759,ONET,17,1,2
760,蘇我中あるある,17,0,2
761,TLが荒れているから推しを流そう,17,0,2
762,네임드사다리사이트,17,1,4
763,AyunoPorVenezuela,17,1,20
764,bb,17,0,13
765,LUHAN,17,1,10
766,メルケル,17,0,6
767,トランプ,17,0,6
768,트친소,17,1,10
769,バンやろ版ワンドロワンライ,17,1,1
770,Cuba,17,0,16
771,ASTRO,17,1,12
772,AROHA,17,1,12
773,아스트로,17,1,12
774,아로하,17,1,12
775,꿀잠,17,1,12
776,BurcuÖzberk,17,1,17
777,LINEスタンプ,17,0,4
778,LINE,17,0,4
779,スタンプ,17,0,4
780,クマ,17,0,4
781,Haute_Vienne,17,1,13
782,MovimientoEspolín,17,1,12
783,hashibirokoustaynightHF,17,0,2
784,春の関東ツアー2017,17,0,3
785,もしツア,17,0,5
786,الأسماء_الحسنى,17,1,12
787,فورتويتو,17,1,8
788,Kalushi,17,1,14
789,抽選,17,0,8
790,10名以上,17,0,8
791,プレゼント,17,0,8
792,2017年3月23日〆切,17,0,8
793,全国,17,0,8
794,ホームズくん,17,0,8
795,silky,17,0,8
796,fucking,17,1,7
797,BurundiSpox,17,1,18
798,PrinceLouisRwagasore,17,1,18
799,ドッカンバトル,17,0,2
800,تهجم_سايقي_دبابات_علي_عايله,17,0,8
801,FateGO,17,1,4
802,صحيفة_الشرق,17,1,15
803,سعيد_غدران,17,1,15
804,شاهد,17,1,17
805,فيديو_ترند,17,1,17
806,SULLI,17,1,13
807,ซอลลี่,17,1,13
808,RakutenIchiba,17,0,5
809,اكتمال_ديه_زكريا_الحربي,17,0,16
810,Free,17,1,15
811,Anal,17,1,15
812,Movie,17,1,15
813,Video,17,2,35
814,porn,17,3,92
815,Beyoncé,17,0,13
816,instasound,17,0,13
817,Conclave17,17,1,16
818,Randonneurs,17,0,4
819,헷갈리게,17,0,5
820,CNBLUE,17,0,5
821,茨城ロボッツ,17,1,8
822,Bリーグ,17,1,14
823,Homero,17,0,7
824,トレクル有意義有意義,17,0,2
825,セカンドミニアルバム,17,0,4
826,恋占,17,0,4
827,結花乃,17,0,4
828,مسلمين_و_نحب_المثليين,17,1,20
829,Entrepreneur,17,0,5
830,VersoDelGiorno,17,1,11
831,quote,17,1,18
832,conan,17,0,4
833,preview,17,1,8
834,18Mart1915,17,1,16
835,صراحة,17,1,4
836,IndvsAus,17,2,28
837,scholarship,17,0,14
838,同人誌,17,0,6
839,TWICECoasterLane1ThaiEdition,17,0,5
840,서인국,17,1,7
841,chanwoo,17,0,16
842,멜로디,17,0,27
843,BTOB,17,0,27
844,육성재,17,0,27
845,프니엘,17,0,27
846,엠카운트다운,17,0,27
847,LaConfesion,17,1,7
848,VijaySethupathi,17,1,16
849,Soori,17,1,16
850,Vishal,17,1,16
851,Pandiraj,17,1,16
852,Susintheeran,17,1,16
853,IvanYarendruTherikiratha,17,1,16
854,私の好きなアイマス歌詞,17,0,1
855,اليوم_العالمي_للمراه,17,0,19
856,ولي_ولي_العهد,17,0,15
857,السعوديون_قادمون,17,0,15
858,Ahora,17,1,10
859,LaOpcionDeCambioParaCarabobo,17,1,10
860,Zlatan,17,1,7
861,Juventus,17,1,7
862,แจกPNG,17,1,8
863,Ngomazetu,17,0,14
864,Libros,17,1,17
865,carbonaira,17,1,12
866,dinnerdate,17,1,12
867,Parrainages,17,1,18
868,小泉今日子さん,17,1,5
869,الملكي_٨٠_عام,17,0,18
870,نجوى_كرم,17,0,14
871,ultraJapan,17,0,9
872,EDM,17,0,9
873,live,17,0,16
874,stream,17,0,16
875,watch,17,0,16
876,online,17,0,23
877,หน้ากากอีกาดำ,17,2,4
878,หน้ากากมังกร,17,2,4
879,หน้ากากจิงโจ้,17,2,4
880,หน้ากากทุเรียน,17,2,4
881,themasksingerthailand,17,2,4
882,NYC,17,0,19
883,cats,17,0,19
884,dogs,17,0,19
885,حياتك33,17,0,16
886,photographer,17,1,6
887,noexcusetalk,17,1,6
888,태형,17,2,41
889,笑ってはいけないBTS24時,17,0,4
890,IG,17,1,18
891,أخبار,17,0,11
892,عكاظ,17,0,11
893,اليوم_السبت,17,0,11
894,FreebieFriday,17,1,46
895,bbloggers,17,0,21
896,Maoists,17,1,18
897,Chhattisgarh,17,1,18
898,クラパン,17,0,4
899,クラッシュ・オブ・パンツァー,17,0,4
900,クラッシュオブパンツァー,17,0,4
901,clashofpanzers,17,0,4
902,祝,17,0,7
903,武部柚那,17,0,7
904,PhotobyAya,17,0,7
905,inpitar,17,1,7
906,مبدئيا_للدعم,17,0,15
907,قروب_هدووء_الليل,17,0,15
908,قروب_خواطر_برستيج,17,0,15
909,UNILAG,17,0,19
910,Flobyt,17,0,19
911,DailyTaxesTweet,17,0,11
912,DontheCon,17,0,11
913,EmolumentsClause,17,0,11
914,TheResistance,17,0,11
915,ncga,17,0,11
916,ImpeachTrump,17,0,11
917,TrumpCuts,17,0,11
918,profiteerinchief,17,0,11
919,زد_رصيدك97,17,0,16
920,bitcoin,17,1,2
921,ビットコイン,17,1,2
922,Ilayathalapathy,17,0,15
923,Vijay,17,0,15
924,SPIcinemas,17,0,15
925,Thuppakki,17,0,15
926,Thalaivaa,17,0,15
927,Jilla,17,0,15
928,Theri,17,0,15
929,srfc,17,1,12
930,FOLLOWOMSAGITA,17,1,20
931,사나,17,0,19
932,SANA,17,0,19
933,サナ,17,0,19
934,윈윈,17,1,8
935,winwin,17,1,8
936,よくみると変な画像,17,0,4
937,千葉県,17,1,3
938,野田市,17,1,3
939,シーズー,17,1,3
940,親野井,17,1,3
941,迷子犬,17,1,3
942,迷い犬,17,1,3
943,총알티비,17,0,15
944,무료스포츠중계,17,0,15
945,스포츠중계,17,0,15
946,스포츠분석,17,0,15
947,야구중계,17,0,15
948,해외축구중계,17,0,15
949,농구중계,17,0,15
950,스포츠중계사이트,17,0,15
951,배구중계,17,0,15
952,MLB중계,17,0,15
953,KBO중계,17,0,15
954,NPB중계,17,0,15
955,JessicaJung,17,0,11
956,blancandeclare,17,0,11
957,تملك,17,0,15
958,القليل,17,0,15
959,قلبك,17,0,15
960,مساكم_فلسطينى,17,0,15
961,SanayaIrani,17,0,14
962,SARUN,17,0,14
963,newsarunshow,17,0,14
964,출장샵,17,0,4
965,출장콜걸,17,0,4
966,출장업소,17,0,4
967,중원구출장마사지,17,0,4
968,망포출장업소,17,0,4
969,도촌출장만남,17,0,4
970,태평출장안마,17,0,4
971,이패출장업소,17,0,4
972,탄벌동출장만남,17,0,4
973,helpme,17,0,17
974,فرش,17,1,20
975,قالی_چلسی,17,1,20
976,sumo,17,1,8
977,vhope,17,0,5
978,21世紀少女,17,0,5
979,MAYWARDForCocaColaPH,17,0,10
980,VaterPromotions,17,1,10
981,AGoodWeekend,17,1,17
982,ViernesDePrincesasTraviesas,17,0,14
983,Parerotiko,17,0,14
984,휴지통,17,0,12
985,쓰레기통,17,0,12
986,GoVillaricos,17,1,12
987,MatchDay2017,17,1,10
988,UChiMatch,17,1,10
989,감자다방,17,0,12
990,RTしたジャス民全員フォローする,17,0,4
991,相互希望,17,0,4
992,old,17,0,10
993,動くスタンプ,17,1,2
994,アニメーションスタンプ,17,1,2
995,クリエイターズスタンプ,17,1,2
996,intitle,17,1,10
997,GayTube,17,1,6
998,TheFaceThailandseason3,17,1,5
999,girl,17,0,8
